

TREE #  1

  0  0.0000 7323390.919150  x:  0.21623   0.49035   1.13153   0.00000   0.33092   0.30192   0.34020   0.08615   0.11205   0.11830   0.18072   0.09618   0.14199   0.01234   0.47871   0.09868   0.06147   0.43788   0.20997   0.18748   0.08329   0.13416   0.00000   0.35423   0.39661   1.14006   0.69079   5.56640   0.47943  
  1 99.0000 7209301.322031  x:  0.22040   0.49665   1.13379   0.00736   0.33438   0.31673   0.34576   0.09891   0.12724   0.13849   0.20860   0.15869   0.18956   0.20212   0.49991   0.15044   0.17729   0.46663   0.23122   0.28446   0.21866   0.28069   0.91211   0.37947   0.41329   1.14269   0.69664   5.54387   0.45603  
  2 2723256.6226 7094975.602514  x:  0.27958   0.57628   1.16712   0.10238   0.38479   0.47083   0.41158   0.22003   0.22961   0.21667   0.28396   0.37992   0.09156   0.05949   0.64498   0.29150   0.53321   0.64133   0.32841   0.46548   0.32989   0.31051   0.89624   0.58593   0.56993   1.17956   0.76913   5.41320   0.79050  
  3 279268.1928 6951079.669935  x:  0.49057   0.86720   1.29792   0.41534   0.55787   0.98173   0.62819   0.58625   0.52969   0.43375   0.49173   1.04039   0.65936   0.49876   1.11595   0.68142   1.54899   1.17889   0.62206   1.01611   0.66106   0.35314   0.61186   1.23331   1.07537   1.31918   1.03225   4.94060   1.83708  
  4 967287.8226 6838649.202430  x:  1.15048   2.17170   2.34448   0.85740   0.89714   1.69513   0.79213   0.39599   0.20834   0.00000   0.11595   0.95968   0.49600   0.51078   1.51182   0.29859   1.33691   1.34949   0.46449   1.26115   0.89719   0.16140   0.61088   1.52570   1.53275   2.16104   2.07051   2.75641   1.24058  
  5 59891.4107 6812167.304181  x:  1.19341   2.39387   2.57721   0.81536   0.88394   1.78414   0.71904   0.19475   0.15534   0.47330   0.16962   0.85193   0.49315   0.46517   1.66999   0.15484   1.01268   1.42136   0.57469   1.20312   0.92515   0.77721   0.54609   1.62232   1.59901   2.39334   2.25753   1.42397   1.24379  
  6 63398.7912 6805634.188261  x:  1.08684   2.32253   2.56381   0.68110   0.79204   1.74500   0.62388   0.08983   0.14444   0.55595   0.25076   0.85043   0.50425   0.45429   1.73459   0.24277   1.00366   1.51388   0.60590   1.15582   0.88936   0.51758   0.58298   1.66540   1.60419   2.42724   2.21364   0.95122   1.21444  
  7 24683.2151 6804506.608683  x:  1.02074   2.32158   2.60528   0.58148   0.72879   1.76155   0.56524   0.03492   0.12325   0.57853   0.21607   0.79670   0.50094   0.44762   1.79139   0.18263   0.92777   1.56776   0.61811   1.13635   0.87965   0.43176   0.61934   1.71276   1.64718   2.50520   2.23168   0.92189   1.34393  
  8 9729.8500 6803266.508412  x:  0.93959   2.31911   2.64557   0.46767   0.65121   1.79886   0.50281   0.00000   0.11026   0.61745   0.19791   0.77594   0.50908   0.43837   1.86407   0.15161   0.90917   1.63963   0.63627   1.13094   0.87640   0.41227   0.62483   1.78268   1.71079   2.59044   2.25367   0.94450   1.31676  
  9 12327.4677 6801644.371767  x:  0.66622   2.32413   2.81224   0.09654   0.43712   1.91039   0.40170   0.10741   0.05846   0.56120   0.27318   0.76221   0.50266   0.44884   1.95881   0.27466   0.87377   1.68736   0.57750   1.04481   0.82536   0.45484   0.62849   1.81293   1.81714   2.90647   2.37341   0.96340   1.33920  
 10 9543.8609 6801243.473522  x:  0.52453   2.28014   2.85604   0.00000   0.40621   1.93906   0.41393   0.12312   0.12454   0.54230   0.25861   0.75292   0.50246   0.45010   1.93817   0.25548   0.88703   1.66117   0.61532   1.10083   0.86447   0.45249   0.61814   1.79638   1.78929   3.03039   2.43568   0.95162   1.33476  
 11 4404.9211 6801243.473522  x:  0.52453   2.28014   2.85604   0.00000   0.40621   1.93906   0.41393   0.12312   0.12454   0.54230   0.25861   0.75292   0.50246   0.45010   1.93817   0.25548   0.88703   1.66117   0.61532   1.10083   0.86447   0.45249   0.61814   1.79638   1.78929   3.03039   2.43568   0.95162   1.33476  
 12 3940.3454 6785397.010332  x:  0.51883   2.27629   2.85614   0.00532   0.40803   1.93976   0.41325   0.11725   0.11723   0.50548   0.24737   0.75840   0.28711   0.20388   1.93503   0.25859   0.91601   1.66860   0.60575   1.09697   0.84335   0.36084   0.48663   1.79964   1.78957   3.03272   2.43726   1.00477   1.30449  
 13 61632.9063 6783253.827620  x:  0.51041   2.27033   2.85510   0.00765   0.40636   1.93729   0.40765   0.10416   0.10243   0.45940   0.22697   0.75716   0.31757   0.19639   1.92735   0.25163   0.93507   1.67090   0.58943   1.08577   0.81491   0.29434   0.36736   1.79847   1.78545   3.03404   2.43691   1.04780   1.30045  
 14 27388.5318 6780602.279202  x:  0.47091   2.24198   2.84847   0.01212   0.39378   1.92186   0.37836   0.04591   0.04162   0.26287   0.13376   0.74311   0.36787   0.13109   1.88785   0.20952   0.99622   1.67080   0.51879   1.03280   0.69420   0.42975   0.24217   1.78781   1.76254   3.03732   2.43166   1.17535   1.33395  
 15 18071.9812 6779852.945623  x:  0.42420   2.20711   2.83587   0.00911   0.37612   1.90167   0.35626   0.03738   0.07478   0.15097   0.10521   0.76887   0.30180   0.18683   1.84125   0.18410   1.04418   1.65740   0.50069   0.99857   0.61239   0.43473   0.21772   1.77889   1.74247   3.03452   2.41912   1.16323   1.39667  
 16 9370.4943 6779427.698829  x:  0.37376   2.16840   2.81866   0.00000   0.35375   1.87624   0.33193   0.02853   0.09339   0.10666   0.09258   0.78686   0.31458   0.16937   1.79081   0.16003   1.07499   1.63644   0.50830   0.98025   0.57131   0.40825   0.24311   1.76219   1.71700   3.02618   2.40083   1.14875   1.39589  
 17 7260.6463 6778829.634912  x:  0.22141   2.04545   2.76124   0.00000   0.30172   1.79381   0.27966   0.02963   0.11578   0.13958   0.09325   0.83353   0.32856   0.13997   1.63509   0.10436   1.14765   1.56842   0.56064   0.95263   0.52035   0.40941   0.22525   1.69695   1.63253   2.99466   2.33933   1.17387   1.48939  
 18 8211.5937 6778444.122552  x:  0.11294   1.94941   2.71005   0.00000   0.28056   1.72342   0.26328   0.03999   0.08552   0.15290   0.06541   0.82076   0.29810   0.16247   1.51828   0.05840   1.16411   1.51326   0.56010   0.94718   0.52198   0.40991   0.21426   1.63007   1.55866   2.95974   2.28228   1.19491   1.48424  
 19 9864.7127 6778092.165005  x:  0.02534   1.84888   2.64485   0.00000   0.30423   1.63646   0.29693   0.09028   0.06614   0.13846   0.04964   0.76591   0.30100   0.14231   1.40992   0.05721   1.15340   1.45974   0.50009   0.93337   0.53004   0.38868   0.21529   1.54567   1.47272   2.90481   2.20370   1.18266   1.55464  
 20 7173.5697 6777901.967810  x:  0.00000   1.80380   2.60688   0.00000   0.31716   1.58503   0.30357   0.07959   0.06411   0.13573   0.08575   0.75207   0.29734   0.14089   1.38190   0.07426   1.13789   1.43876   0.46744   0.90883   0.51690   0.38355   0.21556   1.50798   1.42841   2.86634   2.15409   1.19108   1.56774  
 21 6350.6171 6777688.959497  x:  0.00284   1.73762   2.52570   0.00000   0.33715   1.48571   0.29948   0.04037   0.11536   0.12597   0.08040   0.70776   0.29278   0.13335   1.36320   0.06022   1.07234   1.39714   0.47104   0.87752   0.51023   0.37769   0.20720   1.46237   1.37126   2.77155   2.04346   1.20856   1.60155  
 22 4871.8903 6777530.730784  x:  0.03256   1.68506   2.43962   0.00000   0.33289   1.41458   0.28820   0.02826   0.08168   0.10831   0.05992   0.71228   0.28781   0.13063   1.36158   0.08472   1.05340   1.37061   0.49910   0.87103   0.50329   0.36552   0.21080   1.42832   1.35375   2.66568   1.93335   1.21038   1.63747  
 23 4080.6192 6777384.623054  x:  0.06838   1.63036   2.34218   0.00000   0.32188   1.36378   0.29294   0.07083   0.07864   0.10579   0.04747   0.73027   0.28851   0.12750   1.35783   0.08887   1.04369   1.34248   0.50437   0.85924   0.47412   0.36927   0.20421   1.40541   1.35563   2.54642   1.82039   1.21818   1.64248  
 24 7036.9355 6777255.633429  x:  0.10681   1.57319   2.23456   0.00000   0.30808   1.36739   0.29769   0.05342   0.07190   0.11102   0.05179   0.74406   0.28944   0.12218   1.34087   0.04744   1.05858   1.32344   0.46060   0.87354   0.47974   0.36176   0.20713   1.41138   1.35470   2.41960   1.73782   1.21654   1.66736  
 25 3193.6866 6777109.510306  x:  0.13288   1.52419   2.14374   0.08128   0.30554   1.38778   0.29836   0.03528   0.08372   0.12472   0.03801   0.72417   0.28893   0.12270   1.31367   0.05850   1.09052   1.32739   0.44478   0.86393   0.48256   0.35947   0.20951   1.41642   1.34792   2.31847   1.69928   1.21679   1.67451  
 26 4080.8063 6777038.424661  x:  0.12627   1.49577   2.09963   0.12443   0.28571   1.40627   0.28891   0.04742   0.07719   0.10437   0.06554   0.70435   0.29070   0.11936   1.31448   0.04843   1.07252   1.34025   0.46319   0.85483   0.49514   0.36349   0.20220   1.41006   1.34486   2.27578   1.70594   1.20794   1.68110  
 27 1949.5963 6776995.252134  x:  0.11895   1.47280   2.06127   0.12639   0.25643   1.41744   0.27759   0.05311   0.07555   0.10852   0.06313   0.68775   0.28902   0.11976   1.31932   0.05275   1.05318   1.35226   0.45689   0.85038   0.48779   0.35292   0.21312   1.40481   1.34145   2.23964   1.71294   1.22275   1.69425  
 28 1497.1482 6776950.779538  x:  0.11899   1.45952   2.02783   0.12374   0.23807   1.41578   0.27229   0.04817   0.07415   0.12059   0.05247   0.69080   0.29152   0.11508   1.31707   0.06009   1.03117   1.34986   0.44858   0.84998   0.47595   0.35714   0.20455   1.39132   1.32593   2.21156   1.72829   1.19959   1.69688  
 29 1102.1967 6776801.275467  x:  0.13660   1.44538   1.95120   0.13303   0.23278   1.38487   0.28659   0.05297   0.08171   0.12026   0.04023   0.73733   0.29814   0.11070   1.29489   0.07168   0.98298   1.30765   0.45083   0.86089   0.47636   0.35026   0.21592   1.34024   1.26886   2.15928   1.79323   1.21047   1.70608  
 30 1645.8874 6776590.139907  x:  0.14601   1.40880   1.86144   0.09996   0.22742   1.31269   0.27760   0.05756   0.08516   0.12690   0.06057   0.69139   0.30705   0.10642   1.26865   0.08080   1.00839   1.22202   0.45547   0.83768   0.50471   0.34885   0.22184   1.32974   1.26048   2.09214   1.78859   1.19470   1.71490  
 31 1452.2681 6776483.644382  x:  0.14069   1.40142   1.86444   0.11464   0.24482   1.28509   0.28017   0.05836   0.05957   0.14850   0.06795   0.67020   0.30866   0.10450   1.25021   0.05947   0.98967   1.20628   0.46493   0.81651   0.47969   0.33714   0.23428   1.32847   1.26635   2.10001   1.76450   1.18481   1.72519  
 32 1713.4727 6776311.246241  x:  0.09277   1.37382   1.90702   0.14088   0.24830   1.26316   0.28125   0.05376   0.06859   0.15393   0.07654   0.67169   0.31912   0.09957   1.21004   0.07542   0.94284   1.24281   0.46713   0.84668   0.48572   0.33803   0.23931   1.32711   1.27145   2.13142   1.65016   1.17310   1.72757  
 33 1874.4498 6776269.520502  x:  0.07984   1.37963   1.94335   0.15704   0.22612   1.28260   0.28288   0.05707   0.07117   0.15825   0.06891   0.67650   0.32096   0.09785   1.23226   0.07417   0.94190   1.23090   0.46245   0.82377   0.50230   0.33607   0.24152   1.30329   1.24483   2.14670   1.60718   1.16938   1.73078  
 34 1123.2949 6776265.903065  x:  0.08053   1.38739   1.95362   0.16221   0.22096   1.28447   0.27627   0.05976   0.07169   0.15807   0.07186   0.67119   0.32091   0.09779   1.23213   0.07599   0.94081   1.22316   0.46136   0.83225   0.49800   0.33594   0.24148   1.30048   1.23995   2.14727   1.60460   1.16968   1.73129  
 35 381.1173 6776264.827926  x:  0.07690   1.39351   1.95869   0.16164   0.22029   1.28712   0.27643   0.05954   0.07096   0.15730   0.07204   0.67165   0.32083   0.09768   1.22713   0.07827   0.93721   1.21918   0.46182   0.82974   0.49861   0.33586   0.24133   1.30457   1.23966   2.13843   1.60342   1.17005   1.73174  
 36 115.6764 6776263.517092  x:  0.06642   1.40101   1.96589   0.16178   0.22572   1.28590   0.27560   0.05919   0.07124   0.15775   0.07136   0.67222   0.32094   0.09772   1.23064   0.07711   0.93890   1.22039   0.46181   0.83097   0.49810   0.33588   0.24148   1.30240   1.24128   2.12429   1.60480   1.16976   1.73180  
 37 110.9042 6776261.710476  x:  0.07033   1.40494   1.97003   0.15985   0.22236   1.28145   0.27706   0.05984   0.07139   0.15805   0.07252   0.67060   0.32084   0.09791   1.22635   0.07377   0.94260   1.22921   0.46204   0.82929   0.49886   0.33578   0.24166   1.29929   1.23788   2.11601   1.60485   1.16934   1.73207  
 38 45.0744 6776205.690995  x:  0.07627   1.35298   2.01485   0.16872   0.19633   1.25158   0.31818   0.05582   0.06881   0.15520   0.07257   0.66611   0.32019   0.10117   1.24441   0.07469   0.94458   1.22264   0.46748   0.83936   0.48786   0.33748   0.24185   1.32922   1.21899   2.08819   1.62105   1.16670   1.73603  
 39 39.3807 6776030.078964  x:  0.10782   1.27279   2.07475   0.19221   0.18236   1.20911   0.27235   0.05834   0.07471   0.14863   0.06631   0.68255   0.31760   0.10656   1.23247   0.08180   0.91493   1.19930   0.42717   0.81053   0.50606   0.33832   0.24127   1.30600   1.25932   2.04986   1.64195   1.16073   1.75879  
 40 591.7975 6775564.502710  x:  0.15290   1.17584   1.98409   0.13724   0.21714   1.28727   0.26992   0.02439   0.08877   0.12248   0.08317   0.64503   0.30731   0.12834   1.17411   0.08922   0.89430   1.14935   0.43976   0.79970   0.45496   0.34339   0.24142   1.19278   1.25323   1.92107   1.55048   1.14724   1.81119  
 41 1301.3766 6775119.389196  x:  0.11219   1.24602   1.81892   0.14806   0.23506   1.25205   0.20572   0.05768   0.08005   0.10492   0.08059   0.63821   0.29929   0.14749   1.17857   0.08416   0.87110   1.15260   0.41025   0.77520   0.44093   0.34672   0.24321   1.24673   1.13511   1.89989   1.46473   1.12951   1.86333  
 42 1928.7011 6775033.076096  x:  0.07680   1.30988   1.78032   0.17686   0.18348   1.21590   0.24764   0.03862   0.08441   0.10025   0.08380   0.63214   0.29735   0.15106   1.17762   0.08710   0.86058   1.14129   0.40066   0.77352   0.43887   0.34739   0.24280   1.22797   1.16967   1.92817   1.45762   1.12729   1.87527  
 43 1369.1246 6774491.988596  x:  0.15133   1.38938   1.82088   0.12840   0.22040   1.28402   0.25925   0.04558   0.09177   0.12612   0.10228   0.63957   0.28182   0.17317   1.25186   0.12392   0.84099   1.17249   0.41591   0.78839   0.45903   0.34905   0.26400   1.27150   1.22842   1.96230   1.53386   1.07721   1.87082  
 44  0.5468 6774148.602114  x:  0.10379   1.36390   1.81559   0.09332   0.23107   1.24650   0.26303   0.05998   0.09389   0.12597   0.09438   0.62037   0.28706   0.17916   1.19210   0.10654   0.87665   1.16193   0.40100   0.77814   0.46555   0.35904   0.25630   1.24068   1.19088   1.98430   1.55333   1.10478   2.02392  
 45  0.1489 6773980.067718  x:  0.12493   1.27774   1.68816   0.08440   0.22784   1.17282   0.25707   0.05612   0.09685   0.12758   0.09379   0.60378   0.27469   0.17873   1.15417   0.11295   0.82137   1.10700   0.39091   0.75696   0.44862   0.34595   0.25593   1.18731   1.14537   1.81024   1.42820   1.09862   2.15376  
 46  0.3822 6773935.880309  x:  0.12980   1.26563   1.68772   0.09752   0.21462   1.18755   0.24313   0.04671   0.09552   0.12041   0.09216   0.60843   0.28070   0.17029   1.15484   0.10885   0.81483   1.10312   0.38922   0.75230   0.43710   0.34286   0.25527   1.18396   1.14478   1.80020   1.43016   1.08842   2.20228  
 47  0.0741 6773927.941693  x:  0.12388   1.26698   1.67760   0.09153   0.21764   1.18101   0.24524   0.04906   0.09036   0.12282   0.09188   0.59891   0.27891   0.17018   1.14839   0.10872   0.81366   1.09765   0.38504   0.74934   0.44167   0.34454   0.25236   1.17795   1.13686   1.80270   1.42747   1.08833   2.22715  
 48  0.0383 6773926.842131  x:  0.12297   1.26821   1.67367   0.09039   0.21734   1.17805   0.24542   0.04969   0.09113   0.12331   0.09199   0.59997   0.27940   0.17005   1.14691   0.10765   0.81602   1.09753   0.38609   0.74900   0.44019   0.34382   0.25258   1.17786   1.13663   1.79886   1.42273   1.08984   2.23553  
 49  0.0169 6773926.726248  x:  0.12291   1.26662   1.67301   0.09033   0.21721   1.17680   0.24535   0.04983   0.09176   0.12296   0.09199   0.59977   0.27920   0.17021   1.14595   0.10778   0.81453   1.09659   0.38549   0.74852   0.43979   0.34378   0.25284   1.17674   1.13551   1.79624   1.42305   1.08991   2.23889  
 50  0.0070 6773926.717631  x:  0.12315   1.26618   1.67269   0.09051   0.21707   1.17696   0.24518   0.04974   0.09166   0.12293   0.09194   0.59974   0.27916   0.17032   1.14598   0.10782   0.81451   1.09657   0.38539   0.74858   0.43990   0.34376   0.25288   1.17662   1.13556   1.79605   1.42252   1.08981   2.23952  
 51  0.0014 6773926.717283  x:  0.12311   1.26618   1.67272   0.09048   0.21709   1.17695   0.24518   0.04971   0.09166   0.12292   0.09195   0.59973   0.27915   0.17034   1.14595   0.10784   0.81453   1.09654   0.38542   0.74854   0.43987   0.34374   0.25289   1.17661   1.13553   1.79615   1.42259   1.08978   2.23956  
 52  0.0003 6773926.717263  x:  0.12311   1.26620   1.67273   0.09047   0.21711   1.17695   0.24519   0.04970   0.09166   0.12292   0.09194   0.59973   0.27915   0.17034   1.14596   0.10784   0.81453   1.09655   0.38542   0.74854   0.43987   0.34375   0.25288   1.17662   1.13554   1.79614   1.42260   1.08979   2.23956  
 53  0.0001 6773926.717262  x:  0.12311   1.26620   1.67273   0.09047   0.21710   1.17696   0.24519   0.04970   0.09165   0.12292   0.09194   0.59973   0.27915   0.17034   1.14596   0.10783   0.81453   1.09655   0.38542   0.74854   0.43987   0.34375   0.25288   1.17662   1.13554   1.79614   1.42260   1.08978   2.23956  
 54  0.0000 6773926.717262  x:  0.12311   1.26620   1.67273   0.09047   0.21710   1.17696   0.24519   0.04970   0.09165   0.12292   0.09194   0.59973   0.27915   0.17034   1.14596   0.10783   0.81453   1.09655   0.38542   0.74854   0.43987   0.34375   0.25288   1.17662   1.13554   1.79614   1.42260   1.08979   2.23956  
 55  0.0000 6773926.717262  x:  0.12311   1.26620   1.67273   0.09047   0.21710   1.17695   0.24519   0.04970   0.09165   0.12292   0.09194   0.59973   0.27915   0.17034   1.14596   0.10783   0.81453   1.09655   0.38542   0.74854   0.43987   0.34375   0.25288   1.17662   1.13554   1.79614   1.42260   1.08979   2.23956  